world: c05195f3-04d4-4b11-8cda-8eb0b509fd49
world-name: sinhton
x: -40.231482440964896
y: 76.0
z: -22.252019832971012
yaw: 8.2470703125
pitch: 23.24985122680664
name: sinhton
lastowner: 33ba1255-2643-38d3-ba61-968eec15b61e
